boot-fc2_save_2015-04-11-221138-0000.bmp 341 551 1 46.7153 200.412 106.167 387.959 292.964
boot-fc2_save_2015-04-12-210634-0000.bmp 341 551 1 47.7722 223.928 105.337 411.879 292.54
boot-fc2_save_2015-04-12-210634-0000.bmp 341 551 1 26.8399 135.792 87.3507 328.299 279.059
boot-fc2_save_2015-04-12-210634-0000.bmp 341 551 1 1.13958 23.5249 179.608 208.936 364.32
boot-fc2_save_2015-04-12-211245-0000.bmp 341 551 1 19.3879 -18.9769 112.166 176.438 306.73
boot-fc2_save_2015-04-12-214152-0000.bmp 341 551 1 15.0575 -10.8767 131.485 166.62 308.349
boot-fc2_save_2015-04-12-214152-0000.bmp 341 551 1 11.993 166.291 89.8567 355.313 278.096
boot-fc2_save_2015-04-12-214930-0000.bmp 341 551 1 7.92053 -9.79458 104.624 176.781 290.47
boot-fc2_save_2015-04-12-214930-0000.bmp 341 551 1 4.15524 283.544 148.209 475.79 339.669
boot-fc2_save_2015-04-15-132725-0000.bmp 391 581 1 18.8178 184.233 185.604 391.002 393.215
boot-fc2_save_2015-04-15-132743-0000.bmp 391 581 1 19.1912 227.383 155.876 427.507 356.609
boot-fc2_save_2015-04-15-132743-0000.bmp 391 581 1 15.012 92.6097 172.335 334.092 415.146
boot-fc2_save_2015-04-15-132756-0000.bmp 391 581 1 6.11815 70.1553 146.973 268.722 346.347
boot-fc2_save_2015-04-15-132756-0000.bmp 391 581 1 4.89098 321.588 238.196 510.289 427.984
boot-fc2_save_2015-04-15-132813-0000.bmp 391 581 1 9.09326 22.4181 170.447 220.72 369.519
boot-fc2_save_2015-04-15-132836-0000.bmp 391 581 1 25.5361 35.5122 84.467 225.041 274.506
boot-fc2_save_2015-04-15-132836-0000.bmp 391 581 1 12.9545 -60.0812 -75.7829 186.364 172.123
boot-fc2_save_2015-04-15-132852-0000.bmp 391 581 1 4.80186 43.5247 148.9 272.651 379.355
boot-fc2_save_2015-04-15-132852-0000.bmp 391 581 1 2.62954 -10.0606 147.52 150.909 307.93
boot-fc2_save_2015-04-15-132852-0000.bmp 391 581 1 1.4438 -12.4147 248.146 177.292 438.722
boot-fc2_save_2015-04-15-132912-0000.bmp 391 581 1 27.9302 76.4973 192.884 279.471 396.62
boot-fc2_save_2015-04-15-132912-0000.bmp 391 581 1 2.34344 -14.0912 152.953 160.36 327.424
boot-fc2_save_2015-04-15-132929-0000.bmp 391 581 1 17.6234 148.996 87.4909 349.943 289.236
boot-fc2_save_2015-04-15-132929-0000.bmp 391 581 1 14.5128 72.3676 117.621 272.707 318.628
boot-fc2_save_2015-04-15-132943-0000.bmp 391 581 1 25.6794 83.7233 133.985 292.888 344.015
boot-fc2_save_2015-04-15-133011-0000.bmp 391 581 1 4.00599 -5.55759 158.635 170.04 334.541
boot-fc2_save_2015-04-15-133033-0000.bmp 391 581 1 25.7272 -5.28511 67.1163 207.777 280.901
boot-fc2_save_2015-04-15-133033-0000.bmp 391 581 1 10.7315 193.901 158.893 380.328 345.816
boot-fc2_save_2015-04-15-133049-0000.bmp 391 581 1 28.537 21.1699 59.9288 232.549 272.24
boot-fc2_save_2015-04-15-133049-0000.bmp 391 581 1 1.47344 32.8614 217.567 222.897 408.522
boot-fc2_save_2015-04-15-133106-0000.bmp 391 581 1 29.2633 73.9236 68.4895 276.405 271.726
boot-fc2_save_2015-04-15-133106-0000.bmp 391 581 1 1.55987 -49.1852 -56.812 111.785 103.598
boot-fc2_save_2015-04-15-133124-0000.bmp 391 581 1 1.15552 -8.44465 157.426 158.864 324.551
boot-fc2_save_2015-04-15-133124-0000.bmp 391 581 1 1.11032 364.479 246.551 553.201 435.992
boot-fc2_save_2015-04-15-133143-0000.bmp 391 581 1 52.8178 124.84 63.6995 322.55 262.07
boot-fc2_save_2015-04-15-133143-0000.bmp 391 581 1 7.57449 120.648 143.424 355.203 379.359
boot-fc2_save_2015-04-15-133157-0000.bmp 391 581 1 2.82535 79.2903 81.6203 252.516 254.813
boot-fc2_save_2015-04-15-133239-0000.bmp 391 581 1 33.2206 70.4308 177.462 266.354 373.966
boot-fc2_save_2015-04-15-133239-0000.bmp 391 581 1 15.6895 20.6957 168.421 198.015 346.013
boot-fc2_save_2015-04-15-133251-0000.bmp 391 581 1 10.5783 -7.54621 175.335 181.013 364.545
boot-fc2_save_2015-04-15-133307-0000.bmp 391 581 1 16.9836 46.1643 174.931 241.612 371.134
boot-fc2_save_2015-04-15-133322-0000.bmp 391 581 1 21.3268 54.5076 154.26 240.249 340.382
boot-fc2_save_2015-04-15-133322-0000.bmp 391 581 1 6.30753 274.821 133.386 477.166 336.395
boot-fc2_save_2015-04-15-133322-0000.bmp 391 581 1 1.01004 342.411 153.291 545.693 357.542
boot-fc2_save_2015-04-15-133348-0000.bmp 391 581 1 20.5665 142.791 98.2001 342.528 298.761
boot-fc2_save_2015-04-15-133348-0000.bmp 391 581 1 4.23288 364.442 252.669 589.975 479.368
boot-fc2_save_2015-04-15-133348-0000.bmp 391 581 1 1.93147 -68.9665 32.7647 191.741 295.013
boot-fc2_save_2015-04-15-133407-0000.bmp 391 581 1 4.07286 67.545 127.798 254.643 315.367
boot-fc2_save_2015-04-15-133419-0000.bmp 391 581 1 32.5457 242.001 158.641 458.09 375.721
boot-fc2_save_2015-04-15-133431-0000.bmp 391 581 1 11.6601 396.283 126.075 577.96 308.35
boot-fc2_save_2015-04-15-133431-0000.bmp 391 581 1 0.892484 -48.1658 303.101 144.497 497.085
boot-fc2_save_2015-04-15-133446-0000.bmp 391 581 1 27.4954 278.252 157.051 479.972 359.561
